[ 7.67697341e+01  8.99294961e+01  4.48136443e+01  1.64925757e+02
  3.47124822e+02  4.09750601e+02  4.28164102e+02  4.31465125e+02
 -9.99999900e+06 -9.99999900e+06 -9.99999900e+06 -9.99999900e+06
 -9.99999900e+06 -9.99999900e+06 -9.99999900e+06 -9.99999900e+06
 -9.99999900e+06 -9.99999900e+06 -9.99999900e+06 -9.99999900e+06
 -9.99999900e+06 -9.99999900e+06 -9.99999900e+06 -9.99999900e+06
 -9.99999900e+06 -9.99999900e+06 -9.99999900e+06 -9.99999900e+06
 -9.99999900e+06 -9.99999900e+06 -9.99999900e+06 -9.99999900e+06
 -9.99999900e+06 -9.99999900e+06 -9.99999900e+06 -9.99999900e+06
 -9.99999900e+06 -9.99999900e+06 -9.99999900e+06 -9.99999900e+06
 -9.99999900e+06 -9.99999900e+06 -9.99999900e+06 -9.99999900e+06
 -9.99999900e+06 -9.99999900e+06 -9.99999900e+06 -9.99999900e+06
 -9.99999900e+06 -9.99999900e+06 -9.99999900e+06 -9.99999900e+06
 -9.99999900e+06 -9.99999900e+06 -9.99999900e+06 -9.99999900e+06
 -9.99999900e+06 -9.99999900e+06 -9.99999900e+06 -9.99999900e+06
 -9.99999900e+06 -9.99999900e+06 -9.99999900e+06 -9.99999900e+06
 -9.99999900e+06 -9.99999900e+06 -9.99999900e+06 -9.99999900e+06
 -9.99999900e+06 -9.99999900e+06 -9.99999900e+06 -9.99999900e+06
 -9.99999900e+06 -9.99999900e+06 -9.99999900e+06 -9.99999900e+06
 -9.99999900e+06 -9.99999900e+06 -9.99999900e+06 -9.99999900e+06
 -9.99999900e+06 -9.99999900e+06 -9.99999900e+06 -9.99999900e+06
  5.14175798e+01  3.51144126e+01 -9.99999900e+06 -9.99999900e+06
 -9.99999900e+06 -9.99999900e+06 -9.99999900e+06 -9.99999900e+06
 -9.99999900e+06 -9.99999900e+06 -9.99999900e+06 -9.99999900e+06
 -9.99999900e+06 -9.99999900e+06 -9.99999900e+06 -9.99999900e+06
 -9.99999900e+06 -9.99999900e+06 -9.99999900e+06 -9.99999900e+06
 -9.99999900e+06 -9.99999900e+06 -9.99999900e+06 -9.99999900e+06
 -9.99999900e+06 -9.99999900e+06 -9.99999900e+06 -9.99999900e+06
 -9.99999900e+06 -9.99999900e+06 -9.99999900e+06 -9.99999900e+06
 -9.99999900e+06 -9.99999900e+06 -9.99999900e+06  4.30228469e+01
  4.02079975e+01 -9.99999900e+06 -9.99999900e+06 -9.99999900e+06
 -9.99999900e+06 -9.99999900e+06 -9.99999900e+06 -9.99999900e+06
 -9.99999900e+06 -9.99999900e+06 -9.99999900e+06 -9.99999900e+06
 -9.99999900e+06 -9.99999900e+06 -9.99999900e+06 -9.99999900e+06
 -9.99999900e+06 -9.99999900e+06 -9.99999900e+06 -9.99999900e+06
 -9.99999900e+06 -9.99999900e+06 -9.99999900e+06 -9.99999900e+06
 -9.99999900e+06 -9.99999900e+06 -9.99999900e+06 -9.99999900e+06
 -9.99999900e+06 -9.99999900e+06 -9.99999900e+06 -9.99999900e+06
 -9.99999900e+06 -9.99999900e+06 -9.99999900e+06 -9.99999900e+06
 -9.99999900e+06 -9.99999900e+06 -9.99999900e+06 -9.99999900e+06
 -9.99999900e+06 -9.99999900e+06 -9.99999900e+06 -9.99999900e+06
 -9.99999900e+06 -9.99999900e+06 -9.99999900e+06 -9.99999900e+06
 -9.99999900e+06 -9.99999900e+06 -9.99999900e+06 -9.99999900e+06
 -9.99999900e+06 -9.99999900e+06 -9.99999900e+06 -9.99999900e+06
 -9.99999900e+06 -9.99999900e+06 -9.99999900e+06 -9.99999900e+06
 -9.99999900e+06 -9.99999900e+06 -9.99999900e+06 -9.99999900e+06
 -9.99999900e+06 -9.99999900e+06 -9.99999900e+06 -9.99999900e+06
 -9.99999900e+06 -9.99999900e+06 -9.99999900e+06 -9.99999900e+06
 -9.99999900e+06 -9.99999900e+06 -9.99999900e+06 -9.99999900e+06
 -9.99999900e+06 -9.99999900e+06 -9.99999900e+06 -9.99999900e+06
 -9.99999900e+06 -9.99999900e+06  7.17482413e+01  6.92616365e+01
 -9.99999900e+06 -9.99999900e+06 -9.99999900e+06 -9.99999900e+06
 -9.99999900e+06 -9.99999900e+06 -9.99999900e+06 -9.99999900e+06
 -9.99999900e+06 -9.99999900e+06 -9.99999900e+06 -9.99999900e+06
 -9.99999900e+06 -9.99999900e+06 -9.99999900e+06 -9.99999900e+06
 -9.99999900e+06 -9.99999900e+06 -9.99999900e+06 -9.99999900e+06
 -9.99999900e+06 -9.99999900e+06 -9.99999900e+06 -9.99999900e+06
 -9.99999900e+06 -9.99999900e+06 -9.99999900e+06 -9.99999900e+06
 -9.99999900e+06 -9.99999900e+06 -9.99999900e+06 -9.99999900e+06
 -9.99999900e+06 -9.99999900e+06 -9.99999900e+06 -9.99999900e+06
 -9.99999900e+06 -9.99999900e+06 -9.99999900e+06 -9.99999900e+06
 -9.99999900e+06 -9.99999900e+06 -9.99999900e+06 -9.99999900e+06
 -9.99999900e+06 -9.99999900e+06 -9.99999900e+06 -9.99999900e+06
 -9.99999900e+06 -9.99999900e+06 -9.99999900e+06 -9.99999900e+06
 -9.99999900e+06 -9.99999900e+06 -9.99999900e+06 -9.99999900e+06
 -9.99999900e+06 -9.99999900e+06 -9.99999900e+06 -9.99999900e+06
 -9.99999900e+06 -9.99999900e+06 -9.99999900e+06 -9.99999900e+06
 -9.99999900e+06 -9.99999900e+06 -9.99999900e+06 -9.99999900e+06
 -9.99999900e+06 -9.99999900e+06 -9.99999900e+06 -9.99999900e+06
 -9.99999900e+06 -9.99999900e+06 -9.99999900e+06 -9.99999900e+06
 -9.99999900e+06 -9.99999900e+06 -9.99999900e+06 -9.99999900e+06
 -9.99999900e+06 -9.99999900e+06 -9.99999900e+06 -9.99999900e+06
 -9.99999900e+06 -9.99999900e+06 -9.99999900e+06 -9.99999900e+06
 -9.99999900e+06 -9.99999900e+06 -9.99999900e+06 -9.99999900e+06
 -9.99999900e+06 -9.99999900e+06 -9.99999900e+06 -9.99999900e+06
 -9.99999900e+06 -9.99999900e+06 -9.99999900e+06 -9.99999900e+06
 -9.99999900e+06 -9.99999900e+06 -9.99999900e+06 -9.99999900e+06
 -9.99999900e+06 -9.99999900e+06 -9.99999900e+06 -9.99999900e+06
 -9.99999900e+06 -9.99999900e+06 -9.99999900e+06 -9.99999900e+06
 -9.99999900e+06 -9.99999900e+06 -9.99999900e+06 -9.99999900e+06
 -9.99999900e+06 -9.99999900e+06 -9.99999900e+06 -9.99999900e+06
 -9.99999900e+06  2.35925935e+02  2.44526494e+02  2.56436445e+02
  2.57835199e+02  2.50975771e+02 -9.99999900e+06 -9.99999900e+06
 -9.99999900e+06 -9.99999900e+06  2.29596875e+02  3.07276626e+02
  1.21443778e+02 -9.99999900e+06  3.30706254e+02  3.30706443e+02
  2.42357909e+02  2.38880914e+02  3.20442234e+02  3.32553520e+02
  3.25013415e+02  2.80667216e+02 -9.99999900e+06 -9.99999900e+06
 -9.99999900e+06 -9.99999900e+06 -9.99999900e+06 -9.99999900e+06
  5.57853165e+01  5.49878954e+01  2.33376106e+02  2.62507374e+02
  4.73111132e+01 -9.99999900e+06 -9.99999900e+06 -9.99999900e+06
 -9.99999900e+06 -9.99999900e+06 -9.99999900e+06 -9.99999900e+06
 -9.99999900e+06 -9.99999900e+06 -9.99999900e+06 -9.99999900e+06
 -9.99999900e+06 -9.99999900e+06 -9.99999900e+06 -9.99999900e+06
 -9.99999900e+06 -9.99999900e+06 -9.99999900e+06 -9.99999900e+06
 -9.99999900e+06 -9.99999900e+06 -9.99999900e+06 -9.99999900e+06
 -9.99999900e+06 -9.99999900e+06 -9.99999900e+06 -9.99999900e+06
 -9.99999900e+06 -9.99999900e+06 -9.99999900e+06 -9.99999900e+06
 -9.99999900e+06 -9.99999900e+06 -9.99999900e+06 -9.99999900e+06
 -9.99999900e+06 -9.99999900e+06 -9.99999900e+06 -9.99999900e+06
 -9.99999900e+06 -9.99999900e+06 -9.99999900e+06 -9.99999900e+06
 -9.99999900e+06 -9.99999900e+06 -9.99999900e+06 -9.99999900e+06
 -9.99999900e+06 -9.99999900e+06 -9.99999900e+06 -9.99999900e+06
 -9.99999900e+06 -9.99999900e+06 -9.99999900e+06 -9.99999900e+06
 -9.99999900e+06 -9.99999900e+06 -9.99999900e+06 -9.99999900e+06
 -9.99999900e+06 -9.99999900e+06 -9.99999900e+06 -9.99999900e+06
 -9.99999900e+06 -9.99999900e+06 -9.99999900e+06 -9.99999900e+06
 -9.99999900e+06 -9.99999900e+06 -9.99999900e+06 -9.99999900e+06
 -9.99999900e+06 -9.99999900e+06 -9.99999900e+06 -9.99999900e+06
 -9.99999900e+06 -9.99999900e+06 -9.99999900e+06 -9.99999900e+06
 -9.99999900e+06 -9.99999900e+06 -9.99999900e+06 -9.99999900e+06
 -9.99999900e+06 -9.99999900e+06 -9.99999900e+06 -9.99999900e+06
 -9.99999900e+06 -9.99999900e+06 -9.99999900e+06 -9.99999900e+06
 -9.99999900e+06 -9.99999900e+06 -9.99999900e+06 -9.99999900e+06
 -9.99999900e+06 -9.99999900e+06 -9.99999900e+06 -9.99999900e+06
 -9.99999900e+06 -9.99999900e+06 -9.99999900e+06 -9.99999900e+06
 -9.99999900e+06 -9.99999900e+06 -9.99999900e+06 -9.99999900e+06
 -9.99999900e+06  3.83412917e+01  3.18750880e+01 -9.99999900e+06
 -9.99999900e+06 -9.99999900e+06 -9.99999900e+06 -9.99999900e+06
 -9.99999900e+06 -9.99999900e+06 -9.99999900e+06 -9.99999900e+06
 -9.99999900e+06 -9.99999900e+06 -9.99999900e+06 -9.99999900e+06
 -9.99999900e+06 -9.99999900e+06 -9.99999900e+06 -9.99999900e+06
 -9.99999900e+06 -9.99999900e+06 -9.99999900e+06 -9.99999900e+06
 -9.99999900e+06 -9.99999900e+06 -9.99999900e+06 -9.99999900e+06
 -9.99999900e+06 -9.99999900e+06 -9.99999900e+06 -9.99999900e+06
 -9.99999900e+06 -9.99999900e+06 -9.99999900e+06 -9.99999900e+06
 -9.99999900e+06 -9.99999900e+06 -9.99999900e+06 -9.99999900e+06
 -9.99999900e+06 -9.99999900e+06  1.38537964e+02  1.40993036e+02
  1.34284490e+02 -9.99999900e+06 -9.99999900e+06 -9.99999900e+06
 -9.99999900e+06 -9.99999900e+06 -9.99999900e+06 -9.99999900e+06
  3.57407649e+01 -9.99999900e+06  3.00340861e+01 -9.99999900e+06
 -9.99999900e+06 -9.99999900e+06 -9.99999900e+06  1.79783901e+02
  3.43441079e+04  3.42528544e+04 -9.99999900e+06 -9.99999900e+06
 -9.99999900e+06 -9.99999900e+06 -9.99999900e+06 -9.99999900e+06
 -9.99999900e+06  3.44382538e+04  3.44388844e+04  3.44388844e+04
  3.44395150e+04 -9.99999900e+06  3.44464060e+04  3.44467927e+04]
